![wpn_mp155]
        orientation                      = 0.049914, 3.982644, 0
        position                         = -0.041083, -0.101753, -0.003593
        strap_position                   = -0.286769, -0.145374, 0.153034
		
![wpn_mp155_u]
        orientation                      = 0.049914, 3.982644, 0
        position                         = -0.041083, -0.101753, -0.003593
        strap_position                   = -0.286769, -0.145374, 0.153034