![wpn_vz61_hud]
        aim_hud_offset_pos               = -0.037528, 0.04709, -0.0515
        aim_hud_offset_pos_16x9          = -0.037528, 0.04709, -0.0515
        aim_hud_offset_rot               = -0.002987, 0.002978, -0.019638
        aim_hud_offset_rot_16x9          = -0.002987, 0.002978, -0.019638
        hands_orientation                = 0.096, -0.173319, -1.505531
        hands_orientation_16x9           = 0.096, -0.173319, -1.505531
        hands_position                   = -0.000265, -0.024685, 0.046391
        hands_position_16x9              = -0.000265, -0.024685, 0.046391
        lowered_hud_offset_pos           = 0.142511, -0.083267, 0.00868
        lowered_hud_offset_pos_16x9      = 0.142511, -0.083267, 0.00868
        lowered_hud_offset_rot           = -0.659574, -0.687413, 0.4
        lowered_hud_offset_rot_16x9      = -0.659574, -0.687413, 0.4
 
